(3, 3, '2024-01-01', 71, 64, 5, 6, 4, 8);
(3, 3, '2024-01-02', 76, 62, 6, 6, 3, 9);
(3, 3, '2024-01-03', 80, 61, 8, 6, 3, 8);
(3, 3, '2024-01-04', 100, 62, 10, 5, 4, 8);
(3, 3, '2024-01-05', 80, 68, 11, 7, 4, 7);
(3, 3, '2024-01-06', 120, 189, 9, 10, 6, 11);
(3, 3, '2024-01-07', 78, 63, 14, 10, 6, 11);
(3, 3, '2024-01-08', 78, 63, 14, 10, 6, 11);
(3, 3, '2024-01-09', 99, 63, 15, 6, 6, 10);
(3, 3, '2024-01-10', 77, 63, 12, 7, 5, 13);
(3, 3, '2024-01-11', 82, 36, 8, 6, 5, 12);
(3, 3, '2024-01-12', 68, 51, 7, 7, 5, 13);
(3, 3, '2024-01-13', 80, 52, 20, 8, 5, 12);
(3, 3, '2024-01-14', 75, 53, 22, 8, 5, 12);
(3, 3, '2024-01-15', 95, 50, 18, 7, 5, 12);
(3, 3, '2024-01-16', 90, 51, 16, 7, 5, 13);
(3, 3, '2024-01-17', 86, 51, 14, 8, 5, 11);
(3, 3, '2024-01-18', 76, 51, 12, 8, 5, 12);
(3, 3, '2024-01-19', 128, 50, 17, 8, 6, 12);
(3, 3, '2024-01-20', 88, 59, 18, 9, 6, 12);
(3, 3, '2024-01-21', 71, 62, 17, 9, 5, 12);
(3, 3, '2024-01-22', 75, 61, 6, 9, 5, 12);
(3, 3, '2024-01-23', 103, 60, 10, 8, 5, 12);
(3, 3, '2024-01-24', 103, 58, 4, 8, 5, 12);
(3, 3, '2024-01-25', 85, 60, 12, 8, 6, 12);
(3, 3, '2024-01-26', 92, 60, 13, 9, 6, 12);
(3, 3, '2024-01-27', 84, 61, 15, 8, 6, 12);
(3, 3, '2024-01-28', 91, 60, 16, 8, 6, 11);
(3, 3, '2024-01-29', 78, 60, 21, 9, 6, 12);
(3, 3, '2024-01-30', 96, 57, 23, 8, 5, 19);
(3, 3, '2024-01-31', 116, 59, 25, 8, 5, 11);
(3, 3, '2024-02-01', 105, 58, 27, 9, 5, 14);
(3, 3, '2024-02-02', 89, 62, 11, 11, 5, 14);
(3, 3, '2024-02-03', 92, 58, 11, 10, 5, 11);
(3, 3, '2024-02-04', 93, 61, 10, 8, 5, 11);
(3, 3, '2024-02-05', 82, 59, 10, 9, 5, 12);
(3, 3, '2024-02-06', 103, 59, 16, 8, 5, 12);
(3, 3, '2024-02-07', 151, 58, 13, 9, 5, 12);
(3, 3, '2024-02-08', 124, 57, 15, 8, 5, 12);
(3, 3, '2024-02-09', 107, 59, 10, 9, 5, 12);
(3, 3, '2024-02-10', 89, 58, 4, 9, 5, 11);
(3, 3, '2024-02-11', 121, 60, 26, 10, 5, 11);
(3, 3, '2024-02-12', 146, 56, 25, 9, 5, 12);
(3, 3, '2024-02-13', 118, 58, 16, 9, 4, 13);
(3, 3, '2024-02-14', 113, 57, 34, 9, 5, 11);
(3, 3, '2024-02-15', 119, 59, 12, 10, 5, 13);
(3, 3, '2024-02-16', 147, 59, 14, 9, 5, 13);
(3, 3, '2024-02-17', 145, 56, 17, 14, 5, 13);
(3, 3, '2024-02-18', 67, 62, 16, 10, 5, 11);
(3, 3, '2024-02-19', 72, 59, 15, 9, 5, 10);
(3, 3, '2024-02-20', 78, 60, 14, 10, 5, 12);
(3, 3, '2024-02-21', 52, 60, 17, 12, 5, 12);
(3, 3, '2024-02-22', 38, 61, 16, 12, 5, 11);
(3, 3, '2024-02-23', 72, 57, 18, 12, 5, 13);
(3, 3, '2024-02-24', 57, 61, 12, 14, 5, 11);
(3, 3, '2024-02-25', 48, 59, 14, 12, 5, 12);
(3, 3, '2024-02-26', 41, 59, 10, 10, 5, 11);
(3, 3, '2024-02-27', 47, 56, 8, 9, 5, 10);
(3, 3, '2024-02-28', 56, 56, 7, 9, 5, 11);
(3, 3, '2024-02-29', 21, 59, 10, 10, 5, 12);
(3, 3, '2024-03-01', 125, 62, 14, 10, 5, 13);
(3, 3, '2024-03-02', 173, 60, 11, 13, 5, 12);
(3, 3, '2024-03-03', 41, 59, 28, 12, 5, 12);
(3, 3, '2024-03-04', 38, 57, 13, 13, 7, 12);
(3, 3, '2024-03-05', 42, 57, 16, 10, 6, 11);
(3, 3, '2024-03-06', 78, 63, 14, 10, 6, 11);
(3, 3, '2024-03-07', 78, 63, 14, 10, 6, 11);
(3, 3, '2024-03-08', 78, 63, 14, 10, 6, 11);
(3, 3, '2024-03-09', 78, 63, 14, 10, 6, 11);
(3, 3, '2024-03-10', 78, 63, 14, 10, 6, 11);
(3, 3, '2024-03-11', 78, 63, 14, 10, 6, 11);
(3, 3, '2024-03-12', 78, 63, 14, 10, 6, 11);
(3, 3, '2024-03-13', 78, 63, 14, 10, 6, 11);
(3, 3, '2024-03-14', 78, 63, 14, 10, 6, 11);
(3, 3, '2024-03-15', 78, 63, 14, 10, 6, 11);
(3, 3, '2024-03-16', 78, 63, 14, 10, 6, 11);
(3, 3, '2024-03-17', 78, 63, 14, 10, 6, 11);
(3, 3, '2024-03-18', 78, 63, 14, 10, 6, 11);
(3, 3, '2024-03-19', 78, 63, 14, 10, 6, 11);
(3, 3, '2024-03-20', 78, 63, 14, 10, 6, 11);
(3, 3, '2024-03-21', 78, 63, 14, 10, 6, 11);
(3, 3, '2024-03-22', 78, 63, 14, 10, 6, 11);
(3, 3, '2024-03-23', 78, 63, 14, 10, 6, 11);
(3, 3, '2024-03-24', 78, 63, 14, 10, 6, 11);
(3, 3, '2024-03-25', 78, 63, 14, 10, 6, 11);
(3, 3, '2024-03-26', 78, 63, 14, 10, 6, 11);
(3, 3, '2024-03-27', 78, 63, 14, 10, 6, 11);
(3, 3, '2024-03-28', 78, 63, 14, 10, 6, 11);
(3, 3, '2024-03-29', 78, 63, 14, 10, 6, 11);
(3, 3, '2024-03-30', 78, 63, 14, 10, 6, 11);
(3, 3, '2024-03-31', 78, 63, 14, 10, 6, 11);
(3, 3, '2024-04-01', 78, 63, 14, 10, 6, 11);
(3, 3, '2024-04-02', 78, 63, 14, 10, 6, 11);
(3, 3, '2024-04-03', 78, 63, 14, 10, 6, 11);
(3, 3, '2024-04-04', 78, 63, 14, 10, 6, 11);
(3, 3, '2024-04-05', 78, 63, 14, 10, 6, 11);
(3, 3, '2024-04-06', 78, 63, 14, 10, 6, 11);
(3, 3, '2024-04-07', 78, 63, 14, 10, 6, 11);
(3, 3, '2024-04-08', 78, 63, 14, 10, 6, 11);
(3, 3, '2024-04-09', 78, 63, 14, 10, 6, 11);
(3, 3, '2024-04-10', 78, 63, 14, 10, 6, 11);
(3, 3, '2024-04-11', 78, 63, 14, 10, 6, 11);
(3, 3, '2024-04-12', 78, 63, 14, 10, 6, 11);
(3, 3, '2024-04-13', 78, 63, 14, 10, 6, 11);
(3, 3, '2024-04-14', 78, 63, 14, 10, 6, 11);
(3, 3, '2024-04-15', 78, 63, 14, 10, 6, 11);
(3, 3, '2024-04-16', 78, 63, 14, 10, 6, 11);
(3, 3, '2024-04-17', 78, 63, 14, 10, 6, 11);
(3, 3, '2024-04-18', 78, 63, 14, 10, 6, 11);
(3, 3, '2024-04-19', 78, 63, 14, 10, 6, 11);
(3, 3, '2024-04-20', 78, 63, 14, 10, 6, 11);
(3, 3, '2024-04-21', 78, 63, 14, 10, 6, 11);
(3, 3, '2024-04-22', 78, 63, 14, 10, 6, 11);
(3, 3, '2024-04-23', 78, 63, 14, 10, 6, 11);
(3, 3, '2024-04-24', 78, 63, 14, 10, 6, 11);
(3, 3, '2024-04-25', 78, 63, 14, 10, 6, 11);
(3, 3, '2024-04-26', 78, 63, 14, 10, 6, 11);
(3, 3, '2024-04-27', 78, 63, 14, 10, 6, 11);
(3, 3, '2024-04-28', 78, 63, 14, 10, 6, 11);
(3, 3, '2024-04-29', 78, 63, 14, 10, 6, 11);
(3, 3, '2024-04-30', 78, 63, 14, 10, 6, 11);
(3, 3, '2024-05-01', 78, 63, 14, 10, 6, 11);
(3, 3, '2024-05-02', 78, 63, 14, 10, 6, 11);
(3, 3, '2024-05-03', 78, 63, 14, 10, 6, 11);
(3, 3, '2024-05-04', 78, 63, 14, 10, 6, 11);
(3, 3, '2024-05-05', 78, 63, 14, 10, 6, 11);
(3, 3, '2024-05-06', 78, 63, 14, 10, 6, 11);
(3, 3, '2024-05-07', 78, 63, 14, 10, 6, 11);
(3, 3, '2024-05-08', 78, 63, 14, 10, 6, 11);
(3, 3, '2024-05-09', 78, 63, 14, 10, 6, 11);
(3, 3, '2024-05-10', 78, 63, 14, 10, 6, 11);
(3, 3, '2024-05-11', 78, 63, 14, 10, 6, 11);
(3, 3, '2024-05-12', 78, 63, 14, 10, 6, 11);
(3, 3, '2024-05-13', 78, 63, 14, 10, 6, 11);
(3, 3, '2024-05-14', 78, 63, 14, 10, 6, 11);
(3, 3, '2024-05-15', 78, 63, 14, 10, 6, 11);
(3, 3, '2024-05-16', 78, 63, 14, 10, 6, 11);
(3, 3, '2024-05-17', 78, 63, 14, 10, 6, 11);
(3, 3, '2024-05-18', 78, 63, 14, 10, 6, 11);
(3, 3, '2024-05-19', 78, 63, 14, 10, 6, 11);
(3, 3, '2024-05-20', 78, 63, 14, 10, 6, 11);
(3, 3, '2024-05-21', 78, 63, 14, 10, 6, 11);
(3, 3, '2024-05-22', 78, 63, 14, 10, 6, 11);
(3, 3, '2024-05-23', 78, 63, 14, 10, 6, 11);
(3, 3, '2024-05-24', 78, 63, 14, 10, 6, 11);
(3, 3, '2024-05-25', 78, 63, 14, 10, 6, 11);
(3, 3, '2024-05-26', 78, 63, 14, 10, 6, 11);
(3, 3, '2024-05-27', 78, 63, 14, 10, 6, 11);
(3, 3, '2024-05-28', 78, 63, 14, 10, 6, 11);
(3, 3, '2024-05-29', 78, 63, 14, 10, 6, 11);
(3, 3, '2024-05-30', 78, 63, 14, 10, 6, 11);
(3, 3, '2024-05-31', 78, 63, 14, 10, 6, 11);
(3, 3, '2024-06-01', 78, 63, 14, 10, 6, 11);
(3, 3, '2024-06-02', 78, 63, 14, 10, 6, 11);
(3, 3, '2024-06-03', 78, 63, 14, 10, 6, 11);
(3, 3, '2024-06-04', 78, 63, 14, 10, 6, 11);
(3, 3, '2024-06-05', 78, 63, 14, 10, 6, 11);
(3, 3, '2024-06-06', 78, 63, 14, 10, 6, 11);
(3, 3, '2024-06-07', 78, 63, 14, 10, 6, 11);
(3, 3, '2024-06-08', 78, 63, 14, 10, 6, 11);
(3, 3, '2024-06-09', 78, 63, 14, 10, 6, 11);
(3, 3, '2024-06-10', 78, 63, 14, 10, 6, 11);
(3, 3, '2024-06-11', 21, 63, 17, 6, 6, 11);
(3, 3, '2024-06-12', 70, 63, 30, 10, 6, 11);
(3, 3, '2024-06-13', 120, 63, 43, 10, 7, 13);
(3, 3, '2024-06-14', 39, 64, 28, 11, 7, 12);
(3, 3, '2024-06-15', 75, 62, 28, 10, 7, 11);
(3, 3, '2024-06-16', 31, 66, 12, 13, 7, 11);
(3, 3, '2024-06-17', 45, 61, 12, 12, 7, 11);
(3, 3, '2024-06-18', 38, 56, 13, 10, 7, 12);
(3, 3, '2024-06-19', 22, 64, 11, 12, 7, 10);
(3, 3, '2024-06-20', 34, 62, 13, 10, 7, 11);
(3, 3, '2024-06-21', 26, 69, 9, 11, 7, 11);
(3, 3, '2024-06-22', 16, 64, 14, 10, 7, 13);
(3, 3, '2024-06-23', 11, 61, 7, 10, 7, 11);
(3, 3, '2024-06-24', 10, 62, 9, 9, 8, 12);
(3, 3, '2024-06-25', 17, 50, 11, 9, 7, 12);
(3, 3, '2024-06-26', 21, 62, 9, 9, 7, 11);
(3, 3, '2024-06-27', 24, 67, 7, 9, 7, 12);
(3, 3, '2024-06-28', 22, 62, 6, 9, 7, 12);
(3, 3, '2024-06-29', 30, 61, 7, 9, 7, 11);
(3, 3, '2024-06-30', 21, 63, 8, 9, 7, 12);
(3, 3, '2024-07-01', 172, 63, 9, 9, 7, 11);
(3, 3, '2024-07-02', 323, 59, 10, 9, 6, 11);
(3, 3, '2024-07-03', 23, 56, 8, 9, 6, 11);
(3, 3, '2024-07-04', 18, 65, 7, 9, 6, 11);
(3, 3, '2024-07-05', 85, 61, 3, 9, 6, 11);
(3, 3, '2024-07-06', 70, 65, 3, 9, 6, 11);
(3, 3, '2024-07-07', 55, 66, 2, 9, 6, 12);
(3, 3, '2024-07-08', 50, 65, 2, 9, 6, 12);
(3, 3, '2024-07-09', 33, 59, 2, 10, 6, 11);
(3, 3, '2024-07-10', 78, 64, 14, 10, 6, 12);
(3, 3, '2024-07-11', 78, 68, 14, 10, 6, 13);
(3, 3, '2024-07-12', 46, 69, 3, 9, 7, 12);
(3, 3, '2024-07-13', 47, 67, 5, 9, 8, 12);
(3, 3, '2024-07-14', 60, 65, 4, 9, 8, 11);
(3, 3, '2024-07-15', 36, 66, 7, 9, 7, 11);
(3, 3, '2024-07-16', 63, 30, 9, 9, 7, 13);
(3, 3, '2024-07-17', 37, 72, 5, 9, 6, 11);
(3, 3, '2024-07-18', 45, 59, 2, 9, 6, 11);
(3, 3, '2024-07-19', 53, 80, 2, 9, 6, 12);
(3, 3, '2024-07-20', 55, 104, 2, 8, 6, 11);
(3, 3, '2024-07-21', 63, 78, 2, 9, 6, 11);
(3, 3, '2024-07-22', 47, 73, 3, 8, 6, 11);
(3, 3, '2024-07-23', 63, 67, 4, 9, 6, 11);
(3, 3, '2024-07-24', 58, 66, 4, 9, 8, 11);
(3, 3, '2024-07-25', 77, 61, 5, 8, 8, 12);
(3, 3, '2024-07-26', 61, 62, 7, 8, 8, 11);
(3, 3, '2024-07-27', 63, 58, 5, 8, 8, 11);
(3, 3, '2024-07-28', 67, 65, 5, 8, 8, 11);
(3, 3, '2024-07-29', 107, 59, 6, 8, 8, 11);
(3, 3, '2024-07-30', 59, 64, 6, 9, 8, 11);
(3, 3, '2024-07-31', 54, 64, 5, 8, 6, 13);
(3, 3, '2024-08-01', 55, 63, 5, 8, 5, 11);
(3, 3, '2024-08-02', 54, 60, 6, 9, 5, 13);
(3, 3, '2024-08-03', 53, 64, 7, 8, 5, 12);
(3, 3, '2024-08-04', 53, 60, 5, 9, 5, 11);
(3, 3, '2024-08-05', 56, 62, 7, 9, 4, 12);
(3, 3, '2024-08-06', 55, 66, 8, 8, 4, 10);
(3, 3, '2024-08-07', 49, 65, 12, 8, 4, 11);
(3, 3, '2024-08-08', 54, 63, 12, 8, 4, 12);
(3, 3, '2024-08-09', 59, 63, 11, 9, 4, 11);
(3, 3, '2024-08-10', 63, 60, 11, 9, 5, 11);
(3, 3, '2024-08-11', 60, 64, 10, 9, 5, 12);
(3, 3, '2024-08-12', 56, 68, 10, 9, 5, 12);
(3, 3, '2024-08-13', 49, 69, 11, 9, 5, 11);
(3, 3, '2024-08-14', 63, 60, 12, 9, 4, 12);
(3, 3, '2024-08-15', 58, 69, 9, 9, 6, 11);
(3, 3, '2024-08-16', 53, 67, 14, 9, 5, 12);
(3, 3, '2024-08-17', 59, 64, 10, 9, 5, 12);
(3, 3, '2024-08-18', 56, 64, 10, 9, 5, 11);
(3, 3, '2024-08-19', 62, 66, 10, 9, 6, 11);
(3, 3, '2024-08-20', 67, 58, 10, 9, 6, 12);
(3, 3, '2024-08-21', 37, 62, 12, 9, 5, 12);
(3, 3, '2024-08-22', 37, 69, 12, 9, 6, 11);
(3, 3, '2024-08-23', 43, 80, 18, 9, 6, 11);
(3, 3, '2024-08-24', 43, 77, 13, 9, 6, 11);
(3, 3, '2024-08-25', 39, 75, 10, 9, 6, 12);
(3, 3, '2024-08-26', 42, 81, 11, 9, 6, 11);
(3, 3, '2024-08-27', 51, 73, 7, 9, 5, 11);
(3, 3, '2024-08-28', 43, 67, 13, 9, 6, 11);
(3, 3, '2024-08-29', 59, 65, 19, 9, 6, 12);
(3, 3, '2024-08-30', 55, 76, 17, 9, 6, 11);
(3, 3, '2024-08-31', 52, 66, 16, 9, 5, 12);
(3, 3, '2024-09-01', 47, 62, 14, 9, 5, 11);
(3, 3, '2024-09-02', 38, 60, 10, 9, 5, 12);
(3, 3, '2024-09-03', 37, 66, 11, 10, 5, 11);
(3, 3, '2024-09-04', 43, 67, 12, 10, 5, 11);
(3, 3, '2024-09-05', 34, 63, 12, 10, 6, 11);
(3, 3, '2024-09-06', 34, 63, 10, 10, 5, 12);
(3, 3, '2024-09-07', 41, 65, 9, 10, 5, 11);
(3, 3, '2024-09-08', 43, 63, 9, 10, 5, 11);
(3, 3, '2024-09-09', 42, 66, 24, 11, 6, 10);
(3, 3, '2024-09-10', 48, 69, 11, 11, 6, 11);
(3, 3, '2024-09-11', 58, 60, 4, 11, 5, 12);
(3, 3, '2024-09-12', 67, 65, 2, 11, 5, 11);
(3, 3, '2024-09-13', 51, 63, 11, 12, 5, 11);
(3, 3, '2024-09-14', 78, 57, 7, 12, 6, 11);
(3, 3, '2024-09-15', 68, 54, 7, 12, 6, 11);
(3, 3, '2024-09-16', 79, 60, 9, 12, 6, 11);
(3, 3, '2024-09-17', 93, 59, 8, 12, 6, 11);
(3, 3, '2024-09-18', 88, 65, 7, 13, 6, 11);
(3, 3, '2024-09-19', 77, 106, 8, 13, 5, 11);
(3, 3, '2024-09-20', 62, 61, 9, 13, 6, 11);
(3, 3, '2024-09-21', 72, 50, 9, 13, 7, 11);
(3, 3, '2024-09-22', 62, 60, 8, 13, 6, 11);
(3, 3, '2024-09-23', 52, 69, 8, 13, 6, 11);
(3, 3, '2024-09-24', 40, 72, 9, 12, 6, 11);
(3, 3, '2024-09-25', 34, 94, 10, 11, 6, 11);
(3, 3, '2024-09-26', 28, 69, 9, 11, 5, 11);
(3, 3, '2024-09-27', 45, 107, 8, 11, 6, 11);
(3, 3, '2024-09-28', 48, 92, 14, 11, 6, 11);
(3, 3, '2024-09-29', 51, 78, 14, 11, 7, 11);
(3, 3, '2024-09-30', 58, 73, 10, 12, 5, 12);
(3, 3, '2024-10-01', 85, 74, 9, 12, 6, 11);
(3, 3, '2024-10-02', 409, 41, 14, 12, 7, 11);
(3, 3, '2024-10-03', 116, 27, 18, 11, 7, 11);
(3, 3, '2024-10-04', 59, 91, 18, 11, 6, 11);
(3, 3, '2024-10-05', 58, 52, 17, 11, 5, 11);
(3, 3, '2024-10-06', 61, 73, 16, 11, 7, 11);
(3, 3, '2024-10-07', 88, 116, 15, 11, 6, 11);
(3, 3, '2024-10-08', 94, 39, 15, 11, 5, 11);
(3, 3, '2024-10-09', 90, 93, 21, 11, 5, 11);
(3, 3, '2024-10-10', 78, 74, 23, 11, 5, 11);
(3, 3, '2024-10-11', 68, 38, 19, 11, 5, 11);
(3, 3, '2024-10-12', 67, 76, 17, 11, 5, 11);
(3, 3, '2024-10-13', 69, 29, 16, 10, 6, 11);
(3, 3, '2024-10-14', 58, 49, 17, 10, 6, 11);
(3, 3, '2024-10-15', 70, 52, 19, 10, 5, 11);
(3, 3, '2024-10-16', 83, 61, 18, 10, 5, 12);
(3, 3, '2024-10-17', 86, 61, 17, 10, 5, 11);
(3, 3, '2024-10-18', 78, 61, 15, 10, 4, 11);
(3, 3, '2024-10-19', 61, 63, 13, 11, 6, 11);
(3, 3, '2024-10-20', 64, 63, 16, 10, 6, 11);
(3, 3, '2024-10-21', 57, 62, 16, 10, 6, 12);
(3, 3, '2024-10-22', 78, 63, 16, 10, 6, 11);
(3, 3, '2024-10-23', 78, 63, 16, 10, 6, 12);
(3, 3, '2024-10-24', 135, 62, 21, 10, 10, 14);
(3, 3, '2024-10-25', 129, 58, 20, 11, 6, 13);
(3, 3, '2024-10-26', 123, 60, 20, 11, 5, 14);
(3, 3, '2024-10-27', 142, 60, 21, 11, 4, 15);
(3, 3, '2024-10-28', 129, 74, 26, 11, 5, 13);
(3, 3, '2024-10-29', 110, 81, 24, 11, 6, 13);
(3, 3, '2024-10-30', 128, 89, 21, 11, 8, 16);
(3, 3, '2024-10-31', 134, 117, 18, 15, 6, 17);
(3, 3, '2024-11-01', 131, 97, 16, 14, 6, 19);
(3, 3, '2024-11-02', 145, 81, 15, 12, 5, 21);
(3, 3, '2024-11-03', 123, 83, 14, 12, 5, 13);
(3, 3, '2024-11-04', 128, 81, 17, 12, 5, 12);
(3, 3, '2024-11-05', 124, 111, 11, 12, 5, 13);
(3, 3, '2024-11-06', 121, 60, 20, 12, 6, 12);
(3, 3, '2024-11-07', 140, 108, 28, 11, 6, 12);
(3, 3, '2024-11-08', 147, 52, 28, 10, 6, 12);
(3, 3, '2024-11-09', 140, 22, 19, 10, 6, 11);
(3, 3, '2024-11-10', 141, 55, 11, 10, 6, 12);
(3, 3, '2024-11-11', 139, 66, 12, 10, 6, 11);
(3, 3, '2024-11-12', 142, 63, 13, 10, 6, 12);
(3, 3, '2024-11-13', 134, 47, 15, 10, 6, 12);
(3, 3, '2024-11-14', 125, 45, 20, 10, 6, 12);
(3, 3, '2024-11-15', 78, 54, 29, 10, 6, 11);
(3, 3, '2024-11-16', 87, 61, 31, 10, 6, 9);
(3, 3, '2024-11-17', 90, 72, 26, 10, 7, 10);
(3, 3, '2024-11-18', 79, 66, 31, 9, 5, 10);
(3, 3, '2024-11-19', 77, 59, 33, 9, 5, 11);
(3, 3, '2024-11-20', 80, 60, 31, 9, 5, 12);
(3, 3, '2024-11-21', 85, 62, 31, 9, 6, 11);
(3, 3, '2024-11-22', 93, 60, 36, 10, 5, 13);
(3, 3, '2024-11-23', 102, 68, 31, 10, 5, 10);
(3, 3, '2024-11-24', 106, 63, 22, 10, 5, 12);
(3, 3, '2024-11-25', 97, 70, 23, 10, 5, 9);
(3, 3, '2024-11-26', 81, 66, 21, 10, 5, 10);
(3, 3, '2024-11-27', 76, 64, 22, 10, 4, 10);
(3, 3, '2024-11-28', 74, 22, 18, 10, 5, 9);
(3, 3, '2024-11-29', 69, 16, 13, 10, 5, 8);
(3, 3, '2024-11-30', 76, 17, 8, 10, 4, 8);
(3, 3, '2024-12-01', 84, 16, 9, 10, 4, 11);
(3, 3, '2024-12-02', 90, 26, 7, 9, 4, 14);
(3, 3, '2024-12-03', 77, 35, 9, 9, 5, 10);
(3, 3, '2024-12-04', 73, 56, 10, 9, 5, 10);
(3, 3, '2024-12-05', 80, 56, 12, 9, 5, 11);
(3, 3, '2024-12-06', 80, 57, 9, 9, 5, 10);
(3, 3, '2024-12-07', 128, 57, 11, 10, 6, 11);
(3, 3, '2024-12-08', 104, 58, 13, 10, 6, 12);
(3, 3, '2024-12-09', 81, 58, 16, 10, 6, 10);
(3, 3, '2024-12-10', 78, 58, 20, 9, 5, 9);
(3, 3, '2024-12-11', 79, 55, 28, 9, 6, 12);
(3, 3, '2024-12-12', 83, 56, 34, 9, 6, 11);
(3, 3, '2024-12-13', 69, 112, 30, 9, 6, 10);
(3, 3, '2024-12-14', 74, 58, 33, 9, 6, 10);
(3, 3, '2024-12-15', 73, 58, 30, 9, 6, 11);
(3, 3, '2024-12-16', 77, 62, 27, 9, 6, 9);
(3, 3, '2024-12-17', 95, 65, 20, 9, 5, 9);
(3, 3, '2024-12-18', 97, 63, 21, 9, 5, 9);
(3, 3, '2024-12-19', 98, 63, 12, 9, 6, 9);
(3, 3, '2024-12-20', 95, 63, 4, 9, 6, 10);
(3, 3, '2024-12-21', 111, 63, 12, 9, 6, 9);
(3, 3, '2024-12-22', 93, 63, 20, 9, 6, 10);
(3, 3, '2024-12-23', 80, 65, 19, 9, 6, 9);
(3, 3, '2024-12-24', 86, 67, 12, 9, 6, 8);
(3, 3, '2024-12-25', 97, 66, 8, 9, 6, 10);
(3, 3, '2024-12-26', 100, 66, 14, 9, 6, 10);
(3, 3, '2024-12-27', 91, 66, 17, 9, 6, 10);
(3, 3, '2024-12-28', 112, 67, 18, 9, 6, 10);
(3, 3, '2024-12-29', 89, 67, 14, 10, 6, 11);
(3, 3, '2024-12-30', 78, 63, 14, 10, 6, 11);
(3, 3, '2024-12-31', 78, 63, 13, 8, 5, 9);