(4, 4, '2024-01-01', 71, 72, 2, 4, 19, 5);
(4, 4, '2024-01-02', 74, 89, 2, 6, 18, 5);
(4, 4, '2024-01-03', 91, 76, 2, 6, 18, 5);
(4, 4, '2024-01-04', 77, 61, 2, 6, 21, 5);
(4, 4, '2024-01-05', 60, 51, 2, 6, 22, 5);
(4, 4, '2024-01-06', 58, 34, 2, 8, 22, 6);
(4, 4, '2024-01-07', 53, 42, 2, 4, 21, 5);
(4, 4, '2024-01-08', 43, 53, 2, 3, 19, 5);
(4, 4, '2024-01-09', 65, 59, 2, 3, 20, 6);
(4, 4, '2024-01-10', 65, 66, 2, 4, 20, 6);
(4, 4, '2024-01-11', 64, 84, 2, 5, 21, 5);
(4, 4, '2024-01-12', 88, 95, 2, 5, 21, 6);
(4, 4, '2024-01-13', 97, 165, 2, 11, 21, 8);
(4, 4, '2024-01-14', 146, 76, 2, 3, 21, 5);
(4, 4, '2024-01-15', 76, 66, 2, 4, 22, 6);
(4, 4, '2024-01-16', 67, 48, 2, 4, 16, 5);
(4, 4, '2024-01-17', 44, 53, 2, 4, 2, 5);
(4, 4, '2024-01-18', 55, 77, 2, 6, 2, 6);
(4, 4, '2024-01-19', 87, 58, 2, 4, 2, 6);
(4, 4, '2024-01-20', 61, 62, 2, 5, 2, 5);
(4, 4, '2024-01-21', 65, 56, 2, 5, 2, 5);
(4, 4, '2024-01-22', 55, 53, 2, 5, 1, 5);
(4, 4, '2024-01-23', 54, 70, 2, 7, 2, 6);
(4, 4, '2024-01-24', 71, 55, 2, 3, 2, 5);
(4, 4, '2024-01-25', 51, 64, 2, 5, 1, 5);
(4, 4, '2024-01-26', 68, 58, 2, 4, 2, 5);
(4, 4, '2024-01-27', 63, 37, 2, 2, 2, 5);
(4, 4, '2024-01-28', 43, 77, 2, 5, 2, 5);
(4, 4, '2024-01-29', 70, 96, 2, 6, 6, 6);
(4, 4, '2024-01-30', 88, 58, 2, 4, 2, 5);
(4, 4, '2024-01-31', 53, 40, 2, 4, 1, 5);
(4, 4, '2024-02-01', 42, 41, 2, 3, 1, 9);
(4, 4, '2024-02-02', 16, 47, 2, 5, 2, 5);
(4, 4, '2024-02-03', 34, 37, 2, 3, 1, 5);
(4, 4, '2024-02-04', 46, 52, 2, 4, 2, 5);
(4, 4, '2024-02-05', 54, 71, 2, 5, 1, 5);
(4, 4, '2024-02-06', 76, 81, 2, 6, 2, 6);
(4, 4, '2024-02-07', 80, 61, 2, 5, 1, 5);
(4, 4, '2024-02-08', 60, 66, 2, 5, 1, 6);
(4, 4, '2024-02-09', 70, 65, 2, 3, 1, 5);
(4, 4, '2024-02-10', 67, 67, 2, 3, 1, 5);
(4, 4, '2024-02-11', 67, 54, 2, 3, 2, 5);
(4, 4, '2024-02-12', 56, 83, 2, 6, 2, 6);
(4, 4, '2024-02-13', 82, 69, 2, 5, 2, 5);
(4, 4, '2024-02-14', 70, 71, 2, 4, 2, 5);
(4, 4, '2024-02-15', 73, 54, 2, 4, 2, 5);
(4, 4, '2024-02-16', 54, 64, 2, 4, 1, 5);
(4, 4, '2024-02-17', 69, 59, 2, 2, 1, 5);
(4, 4, '2024-02-18', 62, 64, 2, 4, 1, 5);
(4, 4, '2024-02-19', 65, 64, 2, 5, 1, 5);
(4, 4, '2024-02-20', 61, 69, 2, 6, 2, 5);
(4, 4, '2024-02-21', 72, 63, 2, 5, 1, 5);
(4, 4, '2024-02-22', 65, 43, 2, 4, 1, 5);
(4, 4, '2024-02-23', 44, 50, 2, 5, 3, 4);
(4, 4, '2024-02-24', 51, 46, 2, 3, 1, 5);
(4, 4, '2024-02-25', 52, 44, 2, 2, 2, 5);
(4, 4, '2024-02-26', 49, 51, 2, 1, 1, 5);
(4, 4, '2024-02-27', 57, 53, 2, 3, 1, 5);
(4, 4, '2024-02-28', 52, 62, 2, 3, 1, 5);
(4, 4, '2024-02-29', 66, 68, 2, 5, 2, 5);
(4, 4, '2024-03-01', 69, 68, 2, 4, 3, 5);
(4, 4, '2024-03-02', 72, 59, 2, 3, 2, 5);
(4, 4, '2024-03-03', 64, 63, 2, 5, 2, 5);
(4, 4, '2024-03-04', 62, 58, 2, 3, 1, 5);
(4, 4, '2024-03-05', 57, 71, 2, 6, 2, 5);
(4, 4, '2024-03-06', 63, 70, 2, 6, 1, 5);
(4, 4, '2024-03-07', 61, 69, 2, 4, 1, 5);
(4, 4, '2024-03-08', 55, 63, 2, 3, 1, 5);
(4, 4, '2024-03-09', 54, 42, 2, 2, 1, 5);
(4, 4, '2024-03-10', 42, 55, 2, 2, 1, 5);
(4, 4, '2024-03-11', 55, 62, 2, 6, 1, 5);
(4, 4, '2024-03-12', 66, 63, 2, 5, 2, 5);
(4, 4, '2024-03-13', 61, 62, 2, 5, 2, 5);
(4, 4, '2024-03-14', 64, 57, 2, 4, 2, 5);
(4, 4, '2024-03-15', 52, 52, 2, 3, 2, 5);
(4, 4, '2024-03-16', 41, 17, 2, 3, 1, 5);
(4, 4, '2024-03-17', 40, 46, 2, 3, 6, 5);
(4, 4, '2024-03-18', 39, 56, 2, 3, 1, 5);
(4, 4, '2024-03-19', 58, 64, 2, 4, 2, 5);
(4, 4, '2024-03-20', 65, 42, 2, 2, 2, 5);
(4, 4, '2024-03-21', 49, 51, 2, 3, 1, 5);
(4, 4, '2024-03-22', 52, 48, 2, 4, 1, 5);
(4, 4, '2024-03-23', 47, 52, 2, 4, 1, 5);
(4, 4, '2024-03-24', 53, 35, 2, 3, 1, 5);
(4, 4, '2024-03-25', 34, 48, 2, 2, 1, 5);
(4, 4, '2024-03-26', 47, 50, 2, 3, 1, 5);
(4, 4, '2024-03-27', 41, 45, 2, 3, 1, 5);
(4, 4, '2024-03-28', 51, 43, 2, 4, 1, 5);
(4, 4, '2024-03-29', 48, 40, 2, 5, 1, 6);
(4, 4, '2024-03-30', 47, 36, 2, 3, 1, 5);
(4, 4, '2024-03-31', 40, 35, 2, 2, 2, 5);
(4, 4, '2024-04-01', 47, 39, 2, 2, 2, 5);
(4, 4, '2024-04-02', 48, 43, 2, 3, 1, 5);
(4, 4, '2024-04-03', 49, 22, 2, 3, 3, 5);
(4, 4, '2024-04-04', 25, 39, 2, 3, 5, 6);
(4, 4, '2024-04-05', 34, 46, 2, 4, 4, 6);
(4, 4, '2024-04-06', 34, 52, 2, 4, 2, 6);
(4, 4, '2024-04-07', 35, 22, 2, 3, 2, 5);
(4, 4, '2024-04-08', 36, 49, 2, 2, 1, 5);
(4, 4, '2024-04-09', 46, 58, 2, 3, 1, 5);
(4, 4, '2024-04-10', 58, 48, 2, 2, 1, 5);
(4, 4, '2024-04-11', 48, 47, 2, 2, 7, 5);
(4, 4, '2024-04-12', 51, 46, 2, 2, 13, 5);
(4, 4, '2024-04-13', 54, 57, 2, 2, 1, 5);
(4, 4, '2024-04-14', 65, 40, 2, 3, 2, 5);
(4, 4, '2024-04-15', 50, 48, 2, 4, 2, 5);
(4, 4, '2024-04-16', 50, 39, 2, 3, 1, 5);
(4, 4, '2024-04-17', 46, 35, 2, 3, 2, 5);
(4, 4, '2024-04-18', 39, 20, 2, 2, 2, 5);
(4, 4, '2024-04-19', 30, 15, 2, 2, 2, 5);
(4, 4, '2024-04-20', 28, 8, 1, 2, 1, 3);
(4, 4, '2024-04-21', 25, 22, 2, 3, 1, 5);
(4, 4, '2024-04-22', 31, 22, 2, 4, 1, 5);
(4, 4, '2024-04-23', 27, 20, 1, 4, 2, 5);
(4, 4, '2024-04-24', 27, 23, 2, 3, 1, 5);
(4, 4, '2024-04-25', 24, 30, 2, 3, 1, 6);
(4, 4, '2024-04-26', 33, 37, 2, 3, 1, 6);
(4, 4, '2024-04-27', 42, 13, 1, 2, 4, 5);
(4, 4, '2024-04-28', 25, 26, 2, 2, 1, 5);
(4, 4, '2024-04-29', 34, 27, 27, 3, 1, 5);
(4, 4, '2024-04-30', 33, 32, 30, 3, 2, 4);
(4, 4, '2024-05-01', 35, 36, 22, 1, 1, 5);
(4, 4, '2024-05-02', 45, 55, 25, 4, 3, 5);
(4, 4, '2024-05-03', 54, 37, 21, 3, 1, 3);
(4, 4, '2024-05-04', 41, 40, 23, 3, 1, 5);
(4, 4, '2024-05-05', 43, 44, 35, 2, 3, 5);
(4, 4, '2024-05-06', 52, 38, 27, 3, 2, 5);
(4, 4, '2024-05-07', 39, 29, 36, 4, 1, 5);
(4, 4, '2024-05-08', 38, 15, 30, 3, 1, 4);
(4, 4, '2024-05-09', 18, 19, 17, 4, 2, 5);
(4, 4, '2024-05-10', 21, 17, 20, 2, 2, 4);
(4, 4, '2024-05-11', 28, 24, 8, 5, 2, 10);
(4, 4, '2024-05-12', 28, 30, 9, 2, 2, 6);
(4, 4, '2024-05-13', 27, 21, 16, 2, 1, 4);
(4, 4, '2024-05-14', 30, 6, 13, 2, 2, 5);
(4, 4, '2024-05-15', 38, 10, 5, 5, 2, 6);
(4, 4, '2024-05-16', 9, 27, 4, 5, 1, 8);
(4, 4, '2024-05-17', 26, 21, 10, 4, 1, 4);
(4, 4, '2024-05-18', 31, 12, 10, 3, 1, 5);
(4, 4, '2024-05-19', 23, 10, 10, 3, 1, 4);
(4, 4, '2024-05-20', 23, 18, 10, 4, 1, 4);
(4, 4, '2024-05-21', 30, 22, 10, 3, 1, 5);
(4, 4, '2024-05-22', 33, 40, 36, 4, 1, 5);
(4, 4, '2024-05-23', 47, 43, 22, 4, 1, 5);
(4, 4, '2024-05-24', 49, 52, 29, 6, 1, 5);
(4, 4, '2024-05-25', 52, 60, 26, 6, 2, 6);
(4, 4, '2024-05-26', 60, 69, 24, 6, 2, 6);
(4, 4, '2024-05-27', 67, 67, 25, 6, 1, 6);
(4, 4, '2024-05-28', 67, 64, 27, 6, 1, 6);
(4, 4, '2024-05-29', 63, 53, 31, 7, 1, 5);
(4, 4, '2024-05-30', 54, 61, 34, 6, 1, 5);
(4, 4, '2024-05-31', 60, 65, 27, 4, 2, 2);
(4, 4, '2024-06-01', 61, 62, 29, 5, 1, 6);
(4, 4, '2024-06-02', 63, 46, 26, 5, 1, 5);
(4, 4, '2024-06-03', 45, 51, 27, 7, 2, 6);
(4, 4, '2024-06-04', 49, 34, 21, 8, 1, 6);
(4, 4, '2024-06-05', 43, 27, 18, 7, 1, 6);
(4, 4, '2024-06-06', 37, 17, 22, 9, 1, 5);
(4, 4, '2024-06-07', 24, 40, 17, 6, 1, 7);
(4, 4, '2024-06-08', 40, 16, 9, 11, 2, 4);
(4, 4, '2024-06-09', 17, 43, 23, 5, 1, 5);
(4, 4, '2024-06-10', 33, 35, 20, 6, 1, 6);
(4, 4, '2024-06-11', 31, 36, 16, 8, 1, 5);
(4, 4, '2024-06-12', 46, 50, 17, 9, 1, 6);
(4, 4, '2024-06-13', 53, 52, 21, 7, 1, 6);
(4, 4, '2024-06-14', 57, 62, 17, 10, 1, 6);
(4, 4, '2024-06-15', 57, 48, 21, 7, 1, 6);
(4, 4, '2024-06-16', 52, 58, 27, 5, 1, 7);
(4, 4, '2024-06-17', 61, 7, 14, 6, 1, 1);
(4, 4, '2024-06-18', 13, 29, 17, 6, 1, 7);
(4, 4, '2024-06-19', 33, 37, 24, 5, 1, 6);
(4, 4, '2024-06-20', 40, 46, 20, 6, 1, 6);
(4, 4, '2024-06-21', 42, 43, 19, 6, 1, 5);
(4, 4, '2024-06-22', 47, 35, 26, 5, 1, 7);
(4, 4, '2024-06-23', 44, 34, 24, 5, 1, 4);
(4, 4, '2024-06-24', 35, 44, 24, 5, 3, 4);
(4, 4, '2024-06-25', 45, 36, 16, 6, 1, 5);
(4, 4, '2024-06-26', 40, 47, 17, 6, 1, 5);
(4, 4, '2024-06-27', 45, 45, 23, 5, 1, 4);
(4, 4, '2024-06-28', 45, 52, 22, 5, 1, 5);
(4, 4, '2024-06-29', 54, 50, 20, 5, 1, 5);
(4, 4, '2024-06-30', 55, 42, 17, 6, 1, 5);
(4, 4, '2024-07-01', 46, 56, 18, 6, 2, 6);
(4, 4, '2024-07-02', 57, 52, 24, 6, 1, 4);
(4, 4, '2024-07-03', 43, 34, 21, 7, 1, 6);
(4, 4, '2024-07-04', 37, 30, 19, 4, 1, 5);
(4, 4, '2024-07-05', 36, 60, 15, 12, 1, 9);
(4, 4, '2024-07-06', 60, 35, 16, 6, 1, 5);
(4, 4, '2024-07-07', 41, 41, 20, 7, 1, 6);
(4, 4, '2024-07-08', 45, 37, 10, 13, 3, 8);
(4, 4, '2024-07-09', 45, 40, 16, 10, 2, 7);
(4, 4, '2024-07-10', 43, 44, 23, 8, 2, 6);
(4, 4, '2024-07-11', 41, 44, 23, 5, 1, 6);
(4, 4, '2024-07-12', 41, 48, 14, 11, 1, 9);
(4, 4, '2024-07-13', 58, 35, 17, 7, 1, 6);
(4, 4, '2024-07-14', 43, 21, 12, 4, 2, 6);
(4, 4, '2024-07-15', 32, 17, 17, 4, 2, 5);
(4, 4, '2024-07-16', 19, 53, 14, 8, 1, 6);
(4, 4, '2024-07-17', 49, 21, 13, 5, 1, 4);
(4, 4, '2024-07-18', 26, 44, 15, 6, 1, 5);
(4, 4, '2024-07-19', 38, 61, 16, 8, 2, 6);
(4, 4, '2024-07-20', 58, 50, 17, 5, 1, 5);
(4, 4, '2024-07-21', 45, 41, 21, 5, 2, 4);
(4, 4, '2024-07-22', 42, 44, 15, 8, 2, 7);
(4, 4, '2024-07-23', 41, 55, 17, 7, 1, 7);
(4, 4, '2024-07-24', 53, 40, 18, 6, 1, 5);
(4, 4, '2024-07-25', 37, 49, 17, 6, 2, 5);
(4, 4, '2024-07-26', 49, 47, 17, 5, 1, 5);
(4, 4, '2024-07-27', 44, 51, 19, 4, 1, 5);
(4, 4, '2024-07-28', 49, 52, 22, 5, 2, 4);
(4, 4, '2024-07-29', 51, 42, 22, 6, 1, 7);
(4, 4, '2024-07-30', 43, 39, 20, 6, 2, 6);
(4, 4, '2024-07-31', 39, 42, 22, 5, 1, 4);
(4, 4, '2024-08-01', 43, 54, 24, 7, 2, 5);
(4, 4, '2024-08-02', 57, 33, 21, 5, 1, 5);
(4, 4, '2024-08-03', 41, 25, 22, 5, 2, 7);
(4, 4, '2024-08-04', 28, 26, 21, 6, 4, 7);
(4, 4, '2024-08-05', 27, 31, 27, 6, 6, 6);
(4, 4, '2024-08-06', 35, 30, 20, 6, 1, 6);
(4, 4, '2024-08-07', 32, 26, 15, 7, 1, 6);
(4, 4, '2024-08-08', 32, 42, 19, 7, 1, 7);
(4, 4, '2024-08-09', 34, 33, 24, 6, 1, 5);
(4, 4, '2024-08-10', 35, 40, 23, 5, 1, 7);
(4, 4, '2024-08-11', 41, 31, 32, 5, 1, 5);
(4, 4, '2024-08-12', 34, 29, 20, 4, 1, 5);
(4, 4, '2024-08-13', 39, 17, 11, 3, 1, 4);
(4, 4, '2024-08-14', 18, 15, 14, 3, 1, 4);
(4, 4, '2024-08-15', 16, 22, 14, 3, 1, 4);
(4, 4, '2024-08-16', 24, 25, 13, 4, 1, 4);
(4, 4, '2024-08-17', 25, 30, 21, 4, 2, 4);
(4, 4, '2024-08-18', 23, 26, 20, 4, 1, 5);
(4, 4, '2024-08-19', 25, 29, 25, 5, 2, 5);
(4, 4, '2024-08-20', 28, 38, 16, 5, 1, 5);
(4, 4, '2024-08-21', 33, 38, 25, 5, 1, 5);
(4, 4, '2024-08-22', 29, 37, 24, 5, 2, 7);
(4, 4, '2024-08-23', 37, 61, 22, 8, 1, 6);
(4, 4, '2024-08-24', 46, 46, 17, 5, 1, 5);
(4, 4, '2024-08-25', 39, 41, 20, 5, 1, 4);
(4, 4, '2024-08-26', 40, 44, 20, 6, 2, 5);
(4, 4, '2024-08-27', 34, 44, 16, 8, 1, 7);
(4, 4, '2024-08-28', 40, 37, 16, 7, 1, 6);
(4, 4, '2024-08-29', 42, 37, 15, 7, 1, 5);
(4, 4, '2024-08-30', 36, 39, 12, 7, 2, 6);
(4, 4, '2024-08-31', 46, 30, 17, 5, 2, 5);
(4, 4, '2024-09-01', 30, 40, 23, 6, 1, 5);
(4, 4, '2024-09-02', 42, 45, 20, 7, 1, 6);
(4, 4, '2024-09-03', 41, 46, 16, 8, 2, 7);
(4, 4, '2024-09-04', 41, 59, 16, 8, 1, 6);
(4, 4, '2024-09-05', 50, 54, 14, 9, 2, 8);
(4, 4, '2024-09-06', 48, 47, 12, 6, 1, 7);
(4, 4, '2024-09-07', 44, 44, 14, 6, 2, 7);
(4, 4, '2024-09-08', 42, 46, 17, 6, 1, 6);
(4, 4, '2024-09-09', 44, 47, 18, 6, 1, 6);
(4, 4, '2024-09-10', 45, 47, 21, 5, 2, 5);
(4, 4, '2024-09-11', 50, 47, 22, 5, 1, 5);
(4, 4, '2024-09-12', 52, 49, 19, 6, 2, 4);
(4, 4, '2024-09-13', 45, 49, 29, 5, 1, 5);
(4, 4, '2024-09-14', 49, 49, 28, 6, 1, 7);
(4, 4, '2024-09-15', 60, 53, 31, 6, 1, 5);
(4, 4, '2024-09-16', 56, 52, 28, 5, 1, 5);
(4, 4, '2024-09-17', 51, 49, 30, 5, 1, 5);
(4, 4, '2024-09-18', 52, 64, 20, 11, 1, 8);
(4, 4, '2024-09-19', 68, 67, 34, 8, 1, 6);
(4, 4, '2024-09-20', 69, 44, 20, 9, 3, 6);
(4, 4, '2024-09-21', 52, 51, 24, 8, 1, 7);
(4, 4, '2024-09-22', 57, 44, 23, 7, 1, 6);
(4, 4, '2024-09-23', 49, 27, 22, 6, 1, 5);
(4, 4, '2024-09-24', 34, 29, 16, 7, 1, 5);
(4, 4, '2024-09-25', 35, 31, 46, 8, 1, 6);
(4, 4, '2024-09-26', 34, 40, 15, 8, 1, 7);
(4, 4, '2024-09-27', 41, 41, 14, 8, 2, 7);
(4, 4, '2024-09-28', 51, 18, 5, 3, 1, 4);
(4, 4, '2024-09-29', 24, 16, 5, 3, 1, 5);
(4, 4, '2024-09-30', 25, 17, 6, 4, 1, 6);
(4, 4, '2024-10-01', 21, 24, 14, 5, 1, 5);
(4, 4, '2024-10-02', 33, 41, 18, 8, 1, 6);
(4, 4, '2024-10-03', 44, 44, 21, 7, 1, 7);
(4, 4, '2024-10-04', 47, 51, 21, 7, 1, 6);
(4, 4, '2024-10-05', 57, 51, 21, 6, 1, 6);
(4, 4, '2024-10-06', 53, 37, 13, 4, 1, 5);
(4, 4, '2024-10-07', 45, 24, 13, 4, 1, 4);
(4, 4, '2024-10-08', 31, 17, 6, 5, 1, 5);
(4, 4, '2024-10-09', 24, 19, 7, 5, 1, 5);
(4, 4, '2024-10-10', 25, 24, 5, 5, 1, 6);
(4, 4, '2024-10-11', 34, 10, 4, 3, 1, 4);
(4, 4, '2024-10-12', 21, 10, 5, 4, 1, 4);
(4, 4, '2024-10-13', 18, 9, 7, 3, 1, 5);
(4, 4, '2024-10-14', 18, 9, 4, 5, 1, 5);
(4, 4, '2024-10-15', 14, 9, 5, 3, 1, 5);
(4, 4, '2024-10-16', 15, 31, 14, 8, 1, 6);
(4, 4, '2024-10-17', 29, 31, 19, 7, 1, 8);
(4, 4, '2024-10-18', 41, 31, 11, 8, 2, 6);
(4, 4, '2024-10-19', 37, 21, 5, 5, 1, 6);
(4, 4, '2024-10-20', 26, 24, 6, 5, 1, 5);
(4, 4, '2024-10-21', 22, 41, 4, 6, 1, 6);
(4, 4, '2024-10-22', 41, 50, 12, 6, 1, 6);
(4, 4, '2024-10-23', 55, 96, 19, 9, 2, 8);
(4, 4, '2024-10-24', 71, 63, 21, 8, 2, 7);
(4, 4, '2024-10-25', 62, 69, 22, 8, 2, 8);
(4, 4, '2024-10-26', 70, 86, 23, 11, 2, 9);
(4, 4, '2024-10-27', 85, 80, 26, 10, 2, 8);
(4, 4, '2024-10-28', 80, 58, 18, 9, 2, 8);
(4, 4, '2024-10-29', 63, 106, 15, 11, 2, 11);
(4, 4, '2024-10-30', 86, 101, 9, 10, 4, 11);
(4, 4, '2024-10-31', 135, 63, 9, 7, 3, 6);
(4, 4, '2024-11-01', 70, 42, 5, 5, 2, 6);
(4, 4, '2024-11-02', 48, 42, 5, 5, 1, 6);
(4, 4, '2024-11-03', 47, 32, 4, 5, 2, 5);
(4, 4, '2024-11-04', 32, 67, 18, 6, 2, 8);
(4, 4, '2024-11-05', 51, 48, 13, 4, 1, 6);
(4, 4, '2024-11-06', 33, 20, 5, 6, 2, 7);
(4, 4, '2024-11-07', 22, 13, 9, 3, 1, 4);
(4, 4, '2024-11-08', 21, 40, 13, 6, 1, 5);
(4, 4, '2024-11-09', 33, 53, 15, 6, 3, 6);
(4, 4, '2024-11-10', 35, 57, 19, 5, 1, 5);
(4, 4, '2024-11-11', 35, 9, 6, 4, 1, 5);
(4, 4, '2024-11-12', 22, 8, 3, 4, 1, 4);
(4, 4, '2024-11-13', 20, 15, 3, 4, 1, 4);
(4, 4, '2024-11-14', 18, 14, 2, 5, 1, 5);
(4, 4, '2024-11-15', 22, 39, 12, 5, 1, 4);
(4, 4, '2024-11-16', 31, 68, 20, 5, 2, 4);
(4, 4, '2024-11-17', 59, 68, 24, 3, 1, 6);
(4, 4, '2024-11-18', 51, 71, 24, 5, 2, 5);
(4, 4, '2024-11-19', 42, 64, 22, 3, 2, 4);
(4, 4, '2024-11-20', 34, 69, 25, 5, 2, 4);
(4, 4, '2024-11-21', 40, 75, 19, 5, 2, 5);
(4, 4, '2024-11-22', 41, 71, 15, 4, 2, 4);
(4, 4, '2024-11-23', 37, 58, 17, 5, 2, 5);
(4, 4, '2024-11-24', 33, 76, 20, 4, 2, 7);
(4, 4, '2024-11-25', 72, 55, 13, 3, 1, 6);
(4, 4, '2024-11-26', 65, 69, 27, 9, 2, 6);
(4, 4, '2024-11-27', 72, 76, 29, 2, 2, 7);
(4, 4, '2024-11-28', 82, 51, 18, 2, 1, 6);
(4, 4, '2024-11-29', 54, 18, 12, 2, 1, 4);
(4, 4, '2024-11-30', 29, 12, 10, 2, 1, 5);
(4, 4, '2024-12-01', 16, 27, 13, 3, 1, 5);
(4, 4, '2024-12-02', 32, 42, 10, 3, 1, 5);
(4, 4, '2024-12-03', 46, 21, 4, 3, 1, 5);
(4, 4, '2024-12-04', 25, 22, 6, 3, 1, 5);
(4, 4, '2024-12-05', 30, 32, 4, 2, 1, 4);
(4, 4, '2024-12-06', 37, 38, 7, 2, 1, 5);
(4, 4, '2024-12-07', 45, 46, 8, 3, 1, 5);
(4, 4, '2024-12-08', 49, 75, 9, 6, 4, 5);
(4, 4, '2024-12-09', 73, 67, 14, 3, 1, 5);
(4, 4, '2024-12-10', 68, 47, 10, 3, 1, 5);
(4, 4, '2024-12-11', 51, 48, 15, 2, 1, 5);
(4, 4, '2024-12-12', 48, 67, 24, 2, 1, 5);
(4, 4, '2024-12-13', 64, 64, 21, 4, 2, 6);
(4, 4, '2024-12-14', 63, 69, 24, 6, 2, 5);
(4, 4, '2024-12-15', 67, 69, 26, 3, 2, 6);
(4, 4, '2024-12-16', 68, 78, 28, 2, 2, 6);
(4, 4, '2024-12-17', 76, 59, 12, 2, 2, 6);
(4, 4, '2024-12-18', 61, 50, 9, 2, 1, 6);
(4, 4, '2024-12-19', 53, 30, 10, 2, 1, 6);
(4, 4, '2024-12-20', 38, 38, 9, 3, 1, 5);
(4, 4, '2024-12-21', 43, 26, 10, 3, 2, 4);
(4, 4, '2024-12-22', 31, 33, 13, 1, 1, 4);
(4, 4, '2024-12-23', 32, 20, 12, 2, 1, 5);
(4, 4, '2024-12-24', 23, 28, 8, 1, 1, 5);
(4, 4, '2024-12-25', 27, 25, 10, 2, 2, 4);
(4, 4, '2024-12-26', 23, 31, 12, 3, 1, 4);
(4, 4, '2024-12-27', 27, 45, 14, 5, 1, 4);
(4, 4, '2024-12-28', 31, 55, 20, 4, 1, 5);
(4, 4, '2024-12-29', 41, 51, 10, 5, 2, 5);
(4, 4, '2024-12-30', 52, 51, 10, 5, 2, 5);
(4, 4, '2024-12-31', 52, 67, 13, 3, 1, 9);