(10, 10, '2024-01-02', 180, 172, 16, 6, 1, 9);
(10, 10, '2024-01-03', 163, 123, 16, 7, 1, 8);
(10, 10, '2024-01-04', 1210, 92, 16, 5, 2, 7);
(10, 10, '2024-01-05', 127, 93, 16, 10, 2, 5);
(10, 10, '2024-01-06', 107, 87, 16, 12, 2, 5);
(10, 10, '2024-01-07', 144, 90, 15, 13, 1, 7);
(10, 10, '2024-01-08', 163, 123, 16, 17, 2, 7);
(10, 10, '2024-01-09', 147, 177, 16, 21, 2, 5);
(10, 10, '2024-01-10', 610, 1110, 16, 14, 2, 5);
(10, 10, '2024-01-11', 48, 41, 16, 8, 2, 6);
(10, 10, '2024-01-12', 73, 35, 16, 7, 1, 5);
(10, 10, '2024-01-13', 73, 410, 16, 7, 2, 5);
(10, 10, '2024-01-14', 67, 50, 16, 8, 2, 6);
(10, 10, '2024-01-15', 130, 173, 22, 17, 4, 3);
(10, 10, '2024-01-16', 123, 96, 21, 110, 1, 4);
(10, 10, '2024-01-17', 143, 104, 7, 20, 1, 7);
(10, 10, '2024-01-18', 155, 87, 8, 110, 1, 3);
(10, 10, '2024-01-19', 128, 130, 21, 23, 4, 3);
(10, 10, '2024-01-20', 117, 92, 24, 23, 2, 4);
(10, 10, '2024-01-21', 1210, 92, 22, 22, 2, 4);
(10, 10, '2024-01-22', 1410, 92, 21, 21, 1, 3);
(10, 10, '2024-01-23', 1310, 105, 23, 210, 4, 3);
(10, 10, '2024-01-24', 134, 96, 21, 26, 2, 4);
(10, 10, '2024-01-25', 153, 71, 20, 22, 1, 4);
(10, 10, '2024-01-26', 140, 116, 32, 26, 4, 4);
(10, 10, '2024-01-27', 138, 105, 40, 25, 2, 3);
(10, 10, '2024-01-28', 116, 101, 15, 23, 3, 5);
(10, 10, '2024-01-29', 110, 85, 15, 110, 2, 3);
(10, 10, '2024-01-30', 173, 268, 12, 22, 4, 4);
(10, 10, '2024-01-31', 153, 451, 10, 25, 5, 5);
(10, 10, '2024-02-01', 158, 91, 15, 24, 5, 8);
(10, 10, '2024-02-02', 185, 92, 14, 22, 3, 4);
(10, 10, '2024-02-03', 146, 151, 4, 21, 6, 3);
(10, 10, '2024-02-04', 125, 92, 8, 16, 3, 5);
(10, 10, '2024-02-05', 126, 76, 21, 13, 2, 4);
(10, 10, '2024-02-06', 140, 710, 21, 11, 1, 4);
(10, 10, '2024-02-07', 124, 80, 32, 12, 3, 3);
(10, 10, '2024-02-08', 910, 72, 20, 11, 2, 3);
(10, 10, '2024-02-09', 76, 61, 18, 11, 2, 4);
(10, 10, '2024-02-10', 105, 38, 110, 11, 2, 3);
(10, 10, '2024-02-11', 141, 45, 16, 12, 2, 3);
(10, 10, '2024-02-12', 1510, 65, 21, 14, 2, 4);
(10, 10, '2024-02-13', 125, 77, 13, 10, 2, 2);
(10, 10, '2024-02-14', 110, 74, 18, 12, 1, 3);
(10, 10, '2024-02-15', 164, 81, 25, 11, 6, 8);
(10, 10, '2024-02-16', 160, 105, 32, 23, 1, 3);
(10, 10, '2024-02-17', 156, 93, 26, 110, 2, 4);
(10, 10, '2024-02-18', 193, 95, 23, 22, 4, 2);
(10, 10, '2024-02-19', 151, 134, 8, 30, 7, 7);
(10, 10, '2024-02-20', 154, 77, 10, 24, 1, 3);
(10, 10, '2024-02-21', 125, 83, 110, 25, 2, 3);
(10, 10, '2024-02-22', 1510, 72, 20, 16, 3, 5);
(10, 10, '2024-02-23', 1510, 118, 20, 7, 2, 5);
(10, 10, '2024-02-24', 138, 118, 22, 5, 2, 4);
(10, 10, '2024-02-25', 155, 1010, 6, 4, 2, 9);
(10, 10, '2024-02-26', 165, 146, 13, 6, 3, 4);
(10, 10, '2024-02-27', 144, 124, 12, 5, 2, 5);
(10, 10, '2024-02-28', 146, 135, 20, 4, 3, 6);
(10, 10, '2024-02-29', 153, 124, 110, 5, 3, 6);
(10, 10, '2024-03-01', 171, 110, 26, 5, 1, 5);
(10, 10, '2024-03-02', 1510, 137, 26, 3, 3, 4);
(10, 10, '2024-03-03', 174, 110, 21, 10, 2, 5);
(10, 10, '2024-03-04', 127, 140, 18, 23, 2, 4);
(10, 10, '2024-03-05', 1110, 81, 15, 17, 2, 7);
(10, 10, '2024-03-06', 910, 84, 13, 14, 2, 6);
(10, 10, '2024-03-07', 810, 75, 18, 13, 8, 7);
(10, 10, '2024-03-08', 108, 60, 22, 17, 3, 8);
(10, 10, '2024-03-09', 100, 60, 21, 17, 3, 6);
(10, 10, '2024-03-10', 114, 70, 21, 17, 4, 8);
(10, 10, '2024-03-11', 116, 88, 4, 17, 3, 8);
(10, 10, '2024-03-12', 152, 76, 18, 24, 2, 6);
(10, 10, '2024-03-13', 173, 108, 30, 18, 3, 6);
(10, 10, '2024-03-14', 230, 187, 18, 30, 4, 12);
(10, 10, '2024-03-15', 192, 220, 18, 37, 5, 5);
(10, 10, '2024-03-16', 171, 157, 22, 35, 3, 8);
(10, 10, '2024-03-17', 188, 110, 21, 33, 2, 6);
(10, 10, '2024-03-18', 190, 121, 15, 31, 3, 6);
(10, 10, '2024-03-19', 201, 153, 20, 34, 3, 6);
(10, 10, '2024-03-20', 1310, 153, 110, 41, 3, 8);
(10, 10, '2024-03-21', 238, 76, 24, 27, 2, 5);
(10, 10, '2024-03-22', 246, 196, 18, 28, 3, 4);
(10, 10, '2024-03-23', 162, 407, 110, 34, 5, 12);
(10, 10, '2024-03-24', 143, 90, 17, 25, 2, 5);
(10, 10, '2024-03-25', 155, 78, 21, 23, 2, 5);
(10, 10, '2024-03-26', 162, 105, 6, 23, 2, 5);
(10, 10, '2024-03-27', 174, 112, 17, 21, 2, 6);
(10, 10, '2024-03-28', 173, 115, 18, 22, 2, 6);
(10, 10, '2024-03-29', 165, 117, 18, 24, 2, 5);
(10, 10, '2024-03-30', 275, 80, 17, 24, 3, 5);
(10, 10, '2024-03-31', 202, 230, 2, 28, 4, 1);
(10, 10, '2024-04-01', 192, 173, 21, 28, 2, 8);
(10, 10, '2024-04-02', 177, 140, 110, 28, 1, 5);
(10, 10, '2024-04-03', 184, 98, 18, 26, 1, 3);
(10, 10, '2024-04-04', 183, 82, 13, 25, 1, 4);
(10, 10, '2024-04-05', 198, 91, 8, 14, 2, 6);
(10, 10, '2024-04-06', 184, 106, 21, 13, 3, 6);
(10, 10, '2024-04-07', 223, 101, 23, 13, 2, 6);
(10, 10, '2024-04-08', 181, 121, 6, 14, 2, 6);
(10, 10, '2024-04-09', 230, 95, 21, 12, 3, 7);
(10, 10, '2024-04-10', 625, 120, 20, 15, 2, 5);
(10, 10, '2024-04-11', 60, 33, 7, 4, 3, 5);
(10, 10, '2024-04-12', 58, 210, 6, 4, 3, 4);
(10, 10, '2024-04-13', 128, 26, 11, 4, 3, 3);
(10, 10, '2024-04-14', 121, 64, 10, 4, 4, 4);
(10, 10, '2024-04-15', 156, 65, 25, 3, 7, 4);
(10, 10, '2024-04-16', 150, 84, 24, 3, 3, 4);
(10, 10, '2024-04-17', 154, 80, 10, 4, 3, 5);
(10, 10, '2024-04-18', 137, 80, 35, 4, 4, 3);
(10, 10, '2024-04-19', 155, 66, 37, 4, 3, 4);
(10, 10, '2024-04-20', 146, 84, 41, 4, 2, 3);
(10, 10, '2024-04-21', 145, 77, 34, 4, 3, 4);
(10, 10, '2024-04-22', 145, 85, 36, 4, 3, 3);
(10, 10, '2024-04-23', 118, 116, 31, 4, 3, 2);
(10, 10, '2024-04-24', 164, 78, 56, 4, 3, 1);
(10, 10, '2024-04-25', 165, 122, 24, 4, 2, 4);
(10, 10, '2024-04-26', 171, 1010, 78, 4, 4, 3);
(10, 10, '2024-04-27', 162, 123, 36, 4, 2, 4);
(10, 10, '2024-04-28', 173, 110, 410, 3, 3, 4);
(10, 10, '2024-04-29', 174, 1210, 38, 4, 3, 4);
(10, 10, '2024-04-30', 1510, 1110, 610, 5, 4, 3);
(10, 10, '2024-05-01', 157, 102, 57, 4, 3, 5);
(10, 10, '2024-05-02', 164, 98, 43, 30, 6, 6);
(10, 10, '2024-05-03', 168, 107, 5, 10, 4, 4);
(10, 10, '2024-05-04', 160, 125, 20, 10, 2, 4);
(10, 10, '2024-05-05', 155, 102, 18, 18, 3, 3);
(10, 10, '2024-05-06', 167, 168, 6, 110, 3, 4);
(10, 10, '2024-05-07', 184, 103, 20, 15, 4, 6);
(10, 10, '2024-05-08', 1610, 147, 21, 110, 3, 5);
(10, 10, '2024-05-09', 177, 113, 15, 16, 3, 5);
(10, 10, '2024-05-10', 160, 117, 18, 17, 3, 5);
(10, 10, '2024-05-11', 176, 104, 24, 15, 2, 4);
(10, 10, '2024-05-12', 190, 122, 21, 15, 2, 5);
(10, 10, '2024-05-13', 191, 152, 20, 110, 1, 4);
(10, 10, '2024-05-14', 211, 146, 110, 21, 1, 2);
(10, 10, '2024-05-15', 210, 1010, 20, 16, 2, 3);
(10, 10, '2024-05-16', 177, 204, 18, 22, 4, 5);
(10, 10, '2024-05-17', 1610, 116, 110, 22, 1, 3);
(10, 10, '2024-05-18', 162, 108, 21, 16, 1, 4);
(10, 10, '2024-05-19', 1510, 94, 20, 15, 1, 4);
(10, 10, '2024-05-20', 168, 96, 21, 14, 2, 4);
(10, 10, '2024-05-21', 150, 910, 110, 18, 2, 5);
(10, 10, '2024-05-22', 303, 90, 21, 16, 2, 4);
(10, 10, '2024-05-23', 206, 122, 18, 12, 2, 3);
(10, 10, '2024-05-24', 196, 1510, 18, 20, 2, 4);
(10, 10, '2024-05-25', 2210, 146, 18, 24, 3, 5);
(10, 10, '2024-05-26', 167, 1310, 26, 24, 2, 2);
(10, 10, '2024-05-27', 254, 114, 22, 12, 1, 5);
(10, 10, '2024-05-28', 206, 174, 2, 35, 2, 5);
(10, 10, '2024-05-29', 167, 118, 16, 23, 2, 5);
(10, 10, '2024-05-30', 181, 104, 18, 110, 2, 4);
(10, 10, '2024-05-31', 184, 91, 21, 15, 2, 4);
(10, 10, '2024-06-01', 172, 92, 14, 18, 2, 2);
(10, 10, '2024-06-02', 1610, 92, 26, 18, 1, 4);
(10, 10, '2024-06-03', 211, 85, 14, 18, 2, 5);
(10, 10, '2024-06-04', 213, 136, 23, 17, 2, 6);
(10, 10, '2024-06-05', 198, 128, 21, 24, 2, 3);
(10, 10, '2024-06-06', 194, 125, 15, 21, 2, 5);
(10, 10, '2024-06-07', 183, 1110, 22, 20, 2, 3);
(10, 10, '2024-06-08', 176, 1010, 21, 15, 2, 2);
(10, 10, '2024-06-09', 205, 104, 32, 13, 2, 4);
(10, 10, '2024-06-10', 190, 137, 21, 14, 4, 4);
(10, 10, '2024-06-11', 181, 125, 20, 110, 4, 2);
(10, 10, '2024-06-12', 180, 115, 21, 21, 2, 4);
(10, 10, '2024-06-13', 166, 910, 21, 17, 1, 4);
(10, 10, '2024-06-14', 166, 98, 21, 16, 1, 4);
(10, 10, '2024-06-15', 172, 96, 21, 15, 1, 3);
(10, 10, '2024-06-16', 166, 111, 15, 15, 1, 3);
(10, 10, '2024-06-17', 1510, 93, 21, 18, 1, 4);
(10, 10, '2024-06-18', 1610, 82, 110, 18, 1, 3);
(10, 10, '2024-06-19', 183, 105, 23, 17, 1, 4);
(10, 10, '2024-06-20', 1610, 122, 8, 23, 1, 3);
(10, 10, '2024-06-21', 147, 123, 21, 17, 1, 3);
(10, 10, '2024-06-22', 117, 121, 20, 15, 1, 3);
(10, 10, '2024-06-23', 118, 92, 22, 15, 1, 4);
(10, 10, '2024-06-24', 138, 910, 23, 18, 2, 3);
(10, 10, '2024-06-25', 103, 115, 22, 110, 1, 4);
(10, 10, '2024-06-26', 100, 95, 22, 22, 2, 3);
(10, 10, '2024-06-27', 111, 94, 22, 22, 2, 4);
(10, 10, '2024-06-28', 107, 93, 21, 22, 2, 4);
(10, 10, '2024-06-29', 131, 96, 18, 23, 2, 3);
(10, 10, '2024-06-30', 110, 110, 21, 23, 2, 3);
(10, 10, '2024-07-01', 110, 92, 5, 27, 6, 4);
(10, 10, '2024-07-02', 144, 92, 18, 20, 3, 2);
(10, 10, '2024-07-03', 102, 91, 32, 14, 3, 1);
(10, 10, '2024-07-04', 102, 95, 10, 18, 2, 3);
(10, 10, '2024-07-05', 128, 82, 8, 10, 2, 2);
(10, 10, '2024-07-06', 610, 610, 6, 2, 3, 2);
(10, 10, '2024-07-07', 60, 47, 11, 2, 3, 5);
(10, 10, '2024-07-08', 68, 34, 11, 1, 3, 3);
(10, 10, '2024-07-09', 71, 38, 11, 2, 3, 3);
(10, 10, '2024-07-10', 85, 43, 11, 1, 3, 3);
(10, 10, '2024-07-11', 95, 510, 11, 1, 4, 6);
(10, 10, '2024-07-12', 118, 65, 11, 1, 3, 2);
(10, 10, '2024-07-13', 87, 75, 11, 2, 4, 3);
(10, 10, '2024-07-14', 74, 68, 510, 2, 3, 5);
(10, 10, '2024-07-15', 62, 51, 11, 1, 3, 4);
(10, 10, '2024-07-16', 66, 51, 11, 1, 3, 3);
(10, 10, '2024-07-17', 72, 410, 11, 1, 3, 4);
(10, 10, '2024-07-18', 134, 45, 11, 1, 3, 4);
(10, 10, '2024-07-19', 88, 68, 10, 2, 3, 4);
(10, 10, '2024-07-20', 111, 54, 12, 1, 2, 4);
(10, 10, '2024-07-21', 95, 610, 11, 1, 3, 4);
(10, 10, '2024-07-22', 810, 510, 12, 1, 3, 3);
(10, 10, '2024-07-23', 710, 52, 11, 1, 3, 3);
(10, 10, '2024-07-24', 92, 46, 11, 1, 3, 3);
(10, 10, '2024-07-25', 910, 44, 11, 2, 3, 2);
(10, 10, '2024-07-26', 94, 55, 12, 1, 10, 4);
(10, 10, '2024-07-27', 90, 53, 33, 1, 3, 4);
(10, 10, '2024-07-28', 96, 51, 12, 1, 3, 4);
(10, 10, '2024-07-29', 104, 55, 11, 1, 3, 4);
(10, 10, '2024-07-30', 111, 57, 11, 1, 3, 4);
(10, 10, '2024-07-31', 84, 56, 11, 1, 4, 3);
(10, 10, '2024-08-01', 102, 43, 11, 1, 3, 4);
(10, 10, '2024-08-02', 114, 57, 11, 2, 3, 5);
(10, 10, '2024-08-03', 93, 58, 12, 2, 4, 8);
(10, 10, '2024-08-04', 910, 410, 11, 2, 3, 5);
(10, 10, '2024-08-05', 100, 54, 12, 2, 3, 5);
(10, 10, '2024-08-06', 108, 510, 11, 2, 4, 4);
(10, 10, '2024-08-07', 1210, 60, 11, 2, 3, 3);
(10, 10, '2024-08-08', 117, 70, 2, 2, 7, 5);
(10, 10, '2024-08-09', 108, 61, 6, 2, 5, 4);
(10, 10, '2024-08-10', 104, 52, 10, 2, 3, 3);
(10, 10, '2024-08-11', 103, 52, 11, 2, 3, 3);
(10, 10, '2024-08-12', 120, 53, 11, 2, 3, 4);
(10, 10, '2024-08-13', 97, 57, 11, 2, 3, 5);
(10, 10, '2024-08-14', 81, 410, 10, 2, 3, 3);
(10, 10, '2024-08-15', 83, 73, 15, 2, 4, 4);
(10, 10, '2024-08-16', 68, 74, 21, 1, 3, 4);
(10, 10, '2024-08-17', 84, 65, 21, 2, 3, 4);
(10, 10, '2024-08-18', 101, 62, 21, 1, 3, 4);
(10, 10, '2024-08-19', 95, 72, 21, 1, 3, 4);
(10, 10, '2024-08-20', 74, 610, 21, 1, 3, 4);
(10, 10, '2024-08-21', 94, 76, 21, 1, 3, 4);
(10, 10, '2024-08-22', 92, 74, 21, 2, 3, 4);
(10, 10, '2024-08-23', 92, 71, 20, 1, 3, 5);
(10, 10, '2024-08-24', 68, 50, 21, 1, 3, 4);
(10, 10, '2024-08-25', 74, 50, 21, 2, 3, 3);
(10, 10, '2024-08-26', 97, 53, 21, 2, 3, 4);
(10, 10, '2024-08-27', 97, 54, 21, 2, 3, 4);
(10, 10, '2024-08-28', 62, 65, 21, 2, 3, 3);
(10, 10, '2024-08-29', 88, 171, 12, 2, 5, 7);
(10, 10, '2024-08-30', 84, 57, 11, 2, 3, 5);
(10, 10, '2024-08-31', 90, 34, 11, 1, 3, 4);
(10, 10, '2024-09-01', 182, 44, 11, 2, 2, 4);
(10, 10, '2024-09-02', 95, 34, 11, 2, 3, 4);
(10, 10, '2024-09-03', 74, 310, 12, 1, 3, 4);
(10, 10, '2024-09-04', 80, 40, 21, 2, 3, 4);
(10, 10, '2024-09-05', 1110, 58, 18, 2, 4, 6);
(10, 10, '2024-09-06', 111, 81, 21, 3, 3, 3);
(10, 10, '2024-09-07', 77, 73, 21, 3, 4, 3);
(10, 10, '2024-09-08', 83, 61, 21, 4, 2, 4);
(10, 10, '2024-09-09', 94, 67, 21, 3, 3, 4);
(10, 10, '2024-09-10', 76, 65, 23, 3, 4, 4);
(10, 10, '2024-09-11', 137, 60, 7, 3, 2, 3);
(10, 10, '2024-09-12', 121, 74, 21, 3, 3, 3);
(10, 10, '2024-09-13', 94, 78, 14, 3, 4, 2);
(10, 10, '2024-09-14', 81, 610, 13, 4, 4, 3);
(10, 10, '2024-09-15', 94, 64, 8, 4, 3, 4);
(10, 10, '2024-09-16', 128, 67, 10, 4, 3, 5);
(10, 10, '2024-09-17', 101, 88, 10, 4, 3, 3);
(10, 10, '2024-09-18', 101, 70, 3, 4, 4, 4);
(10, 10, '2024-09-19', 132, 77, 7, 4, 2, 6);
(10, 10, '2024-09-20', 101, 80, 1, 5, 3, 5);
(10, 10, '2024-09-21', 77, 72, 1, 5, 3, 4);
(10, 10, '2024-09-22', 87, 65, 10, 4, 3, 4);
(10, 10, '2024-09-23', 95, 72, 1, 4, 3, 2);
(10, 10, '2024-09-24', 91, 76, 6, 5, 3, 4);
(10, 10, '2024-09-25', 1310, 76, 5, 4, 4, 4);
(10, 10, '2024-09-26', 110, 76, 4, 4, 4, 5);
(10, 10, '2024-09-27', 51, 68, 10, 4, 4, 4);
(10, 10, '2024-09-28', 68, 210, 10, 4, 3, 4);
(10, 10, '2024-09-29', 55, 46, 58, 4, 3, 3);
(10, 10, '2024-09-30', 110, 58, 44, 4, 3, 4);
(10, 10, '2024-10-01', 94, 50, 41, 4, 3, 4);
(10, 10, '2024-10-02', 80, 43, 15, 3, 4, 4);
(10, 10, '2024-10-03', 73, 37, 6, 3, 3, 4);
(10, 10, '2024-10-04', 165, 60, 8, 2, 4, 4);
(10, 10, '2024-10-05', 155, 83, 11, 2, 5, 3);
(10, 10, '2024-10-06', 171, 85, 10, 2, 6, 4);
(10, 10, '2024-10-07', 187, 104, 11, 2, 5, 2);
(10, 10, '2024-10-08', 170, 123, 11, 2, 5, 4);
(10, 10, '2024-10-09', 163, 103, 11, 2, 5, 5);
(10, 10, '2024-10-10', 173, 96, 11, 2, 5, 4);
(10, 10, '2024-10-11', 166, 130, 11, 2, 5, 4);
(10, 10, '2024-10-12', 167, 910, 11, 2, 5, 5);
(10, 10, '2024-10-13', 156, 103, 11, 2, 4, 3);
(10, 10, '2024-10-14', 176, 130, 11, 2, 5, 4);
(10, 10, '2024-10-15', 174, 123, 11, 2, 5, 5);
(10, 10, '2024-10-16', 1110, 116, 11, 2, 5, 5);
(10, 10, '2024-10-17', 96, 145, 10, 2, 7, 5);
(10, 10, '2024-10-18', 86, 150, 11, 2, 5, 4);
(10, 10, '2024-10-19', 66, 155, 11, 2, 5, 4);
(10, 10, '2024-10-20', 64, 127, 11, 2, 5, 4);
(10, 10, '2024-10-21', 134, 910, 11, 2, 5, 3);
(10, 10, '2024-10-22', 117, 1010, 11, 3, 5, 3);
(10, 10, '2024-10-23', 112, 87, 11, 3, 5, 3);
(10, 10, '2024-10-24', 163, 87, 11, 3, 5, 3);
(10, 10, '2024-10-25', 158, 140, 11, 2, 5, 3);
(10, 10, '2024-10-26', 1410, 1110, 11, 3, 5, 5);
(10, 10, '2024-10-27', 1210, 117, 11, 3, 5, 6);
(10, 10, '2024-10-28', 125, 73, 11, 2, 5, 4);
(10, 10, '2024-10-29', 146, 75, 15, 2, 6, 4);
(10, 10, '2024-10-30', 1910, 80, 11, 2, 5, 3);
(10, 10, '2024-10-31', 130, 92, 12, 2, 5, 2);
(10, 10, '2024-11-01', 237, 103, 12, 2, 5, 2);
(10, 10, '2024-11-02', 195, 1610, 10, 2, 6, 4);
(10, 10, '2024-11-03', 196, 126, 12, 2, 6, 4);
(10, 10, '2024-11-04', 193, 115, 12, 2, 5, 3);
(10, 10, '2024-11-05', 1810, 134, 12, 2, 6, 4);
(10, 10, '2024-11-06', 188, 150, 11, 2, 5, 3);
(10, 10, '2024-11-07', 203, 146, 11, 2, 5, 3);
(10, 10, '2024-11-08', 166, 132, 11, 2, 5, 3);
(10, 10, '2024-11-09', 225, 135, 11, 2, 5, 2);
(10, 10, '2024-11-10', 218, 168, 10, 2, 5, 4);
(10, 10, '2024-11-11', 202, 155, 11, 2, 5, 2);
(10, 10, '2024-11-12', 178, 170, 11, 2, 5, 3);
(10, 10, '2024-11-13', 1910, 132, 11, 2, 5, 2);
(10, 10, '2024-11-14', 196, 133, 11, 2, 5, 3);
(10, 10, '2024-11-15', 206, 136, 12, 2, 5, 2);
(10, 10, '2024-11-16', 204, 130, 12, 2, 5, 4);
(10, 10, '2024-11-17', 173, 121, 11, 2, 5, 3);
(10, 10, '2024-11-18', 187, 122, 18, 6, 6, 4);
(10, 10, '2024-11-19', 195, 143, 15, 10, 5, 2);
(10, 10, '2024-11-20', 210, 140, 17, 10, 5, 3);
(10, 10, '2024-11-21', 182, 137, 17, 10, 5, 3);
(10, 10, '2024-11-22', 187, 112, 17, 10, 5, 3);
(10, 10, '2024-11-23', 176, 115, 17, 10, 5, 3);
(10, 10, '2024-11-24', 162, 105, 17, 8, 5, 3);
(10, 10, '2024-11-25', 166, 100, 17, 10, 5, 3);
(10, 10, '2024-11-26', 2110, 146, 17, 10, 5, 4);
(10, 10, '2024-11-27', 260, 455, 17, 8, 5, 3);
(10, 10, '2024-11-28', 2010, 495, 17, 8, 5, 3);
(10, 10, '2024-11-29', 215, 422, 17, 8, 5, 3);
(10, 10, '2024-11-30', 196, 465, 17, 10, 5, 3);
(10, 10, '2024-12-01', 186, 372, 14, 6, 5, 2);
(10, 10, '2024-12-02', 176, 278, 11, 3, 5, 2);
(10, 10, '2024-12-03', 1410, 327, 11, 2, 5, 3);
(10, 10, '2024-12-04', 161, 233, 11, 2, 5, 2);
(10, 10, '2024-12-05', 148, 241, 11, 2, 5, 2);
(10, 10, '2024-12-06', 128, 172, 11, 2, 5, 3);
(10, 10, '2024-12-07', 125, 810, 12, 1, 5, 3);
(10, 10, '2024-12-08', 164, 95, 11, 2, 5, 3);
(10, 10, '2024-12-09', 177, 1010, 11, 1, 5, 2);
(10, 10, '2024-12-10', 168, 128, 11, 2, 5, 2);
(10, 10, '2024-12-11', 177, 108, 11, 2, 5, 3);
(10, 10, '2024-12-12', 172, 138, 12, 1, 5, 3);
(10, 10, '2024-12-13', 187, 124, 11, 2, 5, 4);
(10, 10, '2024-12-14', 162, 146, 11, 2, 5, 3);
(10, 10, '2024-12-15', 150, 134, 17, 2, 6, 5);
(10, 10, '2024-12-16', 133, 1010, 12, 2, 5, 3);
(10, 10, '2024-12-17', 127, 117, 11, 2, 5, 5);
(10, 10, '2024-12-18', 133, 96, 11, 2, 5, 3);
(10, 10, '2024-12-19', 1110, 93, 11, 1, 5, 3);
(10, 10, '2024-12-20', 140, 88, 11, 1, 5, 3);
(10, 10, '2024-12-21', 146, 65, 11, 2, 5, 3);
(10, 10, '2024-12-22', 97, 55, 11, 1, 5, 3);
(10, 10, '2024-12-23', 56, 54, 14, 1, 6, 3);
(10, 10, '2024-12-24', 56, 48, 11, 2, 5, 3);
(10, 10, '2024-12-25', 64, 41, 11, 1, 3, 3);
(10, 10, '2024-12-26', 64, 42, 11, 2, 4, 3);
(10, 10, '2024-12-27', 81, 45, 12, 2, 4, 3);
(10, 10, '2024-12-28', 93, 54, 10, 2, 4, 2);
(10, 10, '2024-12-29', 97, 57, 11, 1, 10, 3);
(10, 10, '2024-12-30', 104, 90, 11, 2, 6, 3);
(10, 10, '2024-12-31', 112, 122, 11, 2, 3, 3);